-----深度：0-----
1 3 2
4 0 5
6 7 8
-----深度：1-----
1 3 2
0 4 5
6 7 8
-----深度：2-----
0 3 2
1 4 5
6 7 8
-----深度：3-----
3 0 2
1 4 5
6 7 8
-----深度：4-----
3 4 2
1 0 5
6 7 8
-----深度：5-----
3 4 2
1 7 5
6 0 8
-----深度：6-----
3 4 2
1 7 5
6 8 0
-----深度：7-----
3 4 2
1 7 0
6 8 5
-----深度：8-----
3 4 0
1 7 2
6 8 5
-----深度：9-----
3 0 4
1 7 2
6 8 5
-----深度：10-----
0 3 4
1 7 2
6 8 5
-----深度：11-----
1 3 4
0 7 2
6 8 5
-----深度：12-----
1 3 4
7 0 2
6 8 5
-----深度：13-----
1 3 4
7 2 0
6 8 5
-----深度：14-----
1 3 0
7 2 4
6 8 5
-----深度：15-----
1 0 3
7 2 4
6 8 5
-----深度：16-----
1 2 3
7 0 4
6 8 5
-----深度：17-----
1 2 3
7 8 4
6 0 5
-----深度：18-----
1 2 3
7 8 4
0 6 5
-----深度：19-----
1 2 3
0 8 4
7 6 5
-----深度：20-----
1 2 3
8 0 4
7 6 5
使用宽度优先搜索算法拓展节点总数为：202726
使用宽度优先搜索算法总耗时为：92
